>> comparison_NEW2

cont =

     1


cost =

   2.3084e+04


lat =

    1.1846


controllers =

     8


loads =

   1.0e+04 *

    1.6584
         0




cont =

     2


cost =

   2.3845e+04


lat =

    0.7833


controllers =

    23    12


loads =

   1.0e+04 *

    0.0722    1.0123
    0.0001         0




cont =

     3


cost =

   2.8650e+04


lat =

    0.7578


controllers =

    22     5    12


loads =

   1.0e+03 *

    1.0542    0.3341    7.7619
    0.0010    0.0010         0




cont =

     4


cost =

   3.5451e+04


lat =

    0.8464


controllers =

    10     1    16    22


loads =

   1.0e+03 *

  Columns 1 through 3

    6.2759    0.3341    2.7052
         0    0.0010    0.0010

  Column 4

    0.1355
    0.0010




cont =

     5


cost =

   3.9277e+04


lat =

    0.5650


controllers =

    14    12    19     4    23


loads =

   1.0e+03 *

  Columns 1 through 3

    0.7322    3.7075         0
    0.0010    0.0010    0.0010

  Columns 4 through 5

    2.0444    0.2932
    0.0010    0.0010




cont =

     6


cost =

   4.6272e+04


lat =

    0.5747


controllers =

     2     6    14    16     8    10


loads =

   1.0e+03 *

  Columns 1 through 3

    0.3306         0    2.1049
    0.0010    0.0010    0.0010

  Columns 4 through 6

    0.5000    0.9573    3.3789
    0.0010    0.0010    0.0010




cont =

     7


cost =

   5.1622e+04


lat =

    0.6111


controllers =

  Columns 1 through 6

    17     6    15     4    22    10

  Column 7

    13


loads =

   1.0e+03 *

  Columns 1 through 3

    1.4524         0         0
    0.0010    0.0010    0.0010

  Columns 4 through 6

    0.3306    0.1355    1.5851
    0.0010    0.0010    0.0010

  Column 7

    2.6185
    0.0010




cont =

     1


ans =

   3.0378e+04


ans =

    1.7056


rc =

     5


l =

   1.0e+04 *

    2.3878
         0




cont =

     2


ans =

   2.7189e+04


ans =

    1.0135


rc =

     3    15


l =

   1.0e+04 *

    1.3689    0.0500
         0    0.0001




cont =

     3


ans =

   2.8974e+04


ans =

    0.7248


rc =

    10     3    13


l =

   1.0e+03 *

    4.5865         0    4.8878
    0.0010    0.0010    0.0010




cont =

     4


ans =

   3.6950e+04


ans =

    0.8889


rc =

     6     4     3     2


l =

   1.0e+03 *

  Columns 1 through 3

    5.8851    2.1028    2.9625
         0    0.0010    0.0010

  Column 4

         0
    0.0010




cont =

     5


ans =

   4.0895e+04


ans =

    0.6579


rc =

     1    23    17    21    22


l =

   1.0e+03 *

  Columns 1 through 3

    0.3341    2.2086    3.6449
    0.0010    0.0010    0.0010

  Columns 4 through 5

    2.2071         0
    0.0010    0.0010




cont =

     6


ans =

   4.7858e+04


ans =

    0.7312


rc =

     4    10     4     7    22     2


l =

   1.0e+03 *

  Columns 1 through 3

    2.0215    4.7006         0
    0.0010    0.0010    0.0010

  Columns 4 through 6

    2.0007    0.1355         0
    0.0010    0.0010    0.0010




cont =

     7


ans =

   5.1917e+04


ans =

    0.6312


rc =

  Columns 1 through 6

    26     8    15    24    12    14

  Column 7

    25


l =

   1.0e+03 *

  Columns 1 through 3

         0    1.3567    0.5000
    0.0010    0.0010    0.0010

  Columns 4 through 6

         0    3.3679    1.1921
    0.0010    0.0010    0.0010

  Column 7

         0
    0.0010




randTime =

  Columns 1 through 3

    0.0022    0.0018    0.0015

  Columns 4 through 6

    0.0011    0.0012    0.0014

  Column 7

    0.0020


saTime =

  Columns 1 through 3

   17.3910   34.0242   50.9488

  Columns 4 through 6

   67.7727   84.4185  100.8197

  Column 7

  117.9794

>> 