
cont =

     1


cost =

   9.5043e+04


lat =

    2.9113


controllers =

    10


loads =

   1.0e+04 *

    8.8543
         0




cont =

     2


cost =

   8.2900e+04


lat =

    2.3414


controllers =

    42    24


loads =

   1.0e+04 *

    0.2953    6.6947
    0.0001         0




cont =

     3


cost =

   7.9295e+04


lat =

    1.9235


controllers =

    34    41    27


loads =

   1.0e+04 *

    2.8818    0.5577    2.5400
         0    0.0001         0




cont =

     4


cost =

   8.5108e+04


lat =

    2.0246


controllers =

     9    27    23    49


loads =

   1.0e+04 *

    0.4589    3.9493    0.4534    1.0492
    0.0001         0    0.0001         0




cont =

     5


cost =

   7.4637e+04


lat =

    1.4793


controllers =

    15    46    19     1    42


loads =

   1.0e+04 *

    1.1038    1.4314    0.3313    1.1464    0.2008
         0         0    0.0001         0    0.0001




optLoad =

   1.0e+04 *

  Columns 1 through 5

    0.1923    0.3555    0.2915    0.3073    1.6451
    0.0001    0.0001    0.0001    0.0001         0

  Column 6

    1.3962
         0

Case-1
optLoad =

   1.0e+04 *

  Columns 1 through 5

    0.4091    0.3555    0.2915    0.3073    1.5923
    0.0001    0.0001    0.0001    0.0001         0

  Column 6

    1.3962
         0


noc =

     6

Case-3
optLoad =

   1.0e+04 *

  Columns 1 through 5

    0.4091    0.3555    0.4342    0.3073    1.5348
    0.0001    0.0001    0.0001    0.0001         0

  Column 6

    1.3962
         0


noc =

     6

Case-3
optLoad =

   1.0e+04 *

  Columns 1 through 5

    0.4091    0.3555    0.4342    0.4658    1.4300
    0.0001    0.0001    0.0001    0.0001         0

  Column 6

    1.3962
         0


noc =

     6

Case-3
optLoad =

   1.0e+04 *

  Columns 1 through 5

    0.4091    0.4800    0.4342    0.4658    1.3648
    0.0001    0.0001    0.0001    0.0001         0

  Column 6

    1.3962
         0


noc =

     6

Case-3
optLoad =

   1.0e+04 *

  Columns 1 through 5

    0.5113    0.4800    0.4342    0.4658    1.2869
    0.0001    0.0001    0.0001    0.0001         0

  Column 6

    1.3962
         0


noc =

     6

Case-3
optLoad =

   1.0e+04 *

  Columns 1 through 5

    0.5113    0.4800    0.5943    0.4658    1.2634
    0.0001    0.0001    0.0001    0.0001         0

  Column 6

    1.3962
         0


noc =

     6


cont =

     6


cost =

   8.6110e+04


lat =

    1.9176


controllers =

    26     8    42    44    33    16


loads =

   1.0e+04 *

  Columns 1 through 5

    0.5113    0.4800    0.5943    0.4658    1.2634
    0.0001    0.0001    0.0001    0.0001         0

  Column 6

    1.3962
         0




optLoad =

   1.0e+04 *

  Columns 1 through 5

    0.9708    0.0471    0.8763    0.2011    2.3002
         0    0.0001         0    0.0001         0

  Columns 6 through 7

    0.0488    0.1756
    0.0001    0.0001

Case-1
optLoad =

   1.0e+04 *

  Columns 1 through 5

    0.8054    0.0471    0.8763    0.2011    2.3002
         0    0.0001         0    0.0001         0

  Columns 6 through 7

    0.0488    0.3416
    0.0001    0.0001


noc =

     7

Case-1
optLoad =

   1.0e+04 *

  Columns 1 through 5

    0.6649    0.0471    0.8763    0.2011    2.3002
    0.0001    0.0001         0    0.0001         0

  Columns 6 through 7

    0.0488    0.4825
    0.0001    0.0001


noc =

     7

Case-3
optLoad =

   1.0e+04 *

  Columns 1 through 5

    0.6649    0.1499    0.7853    0.2011    2.3002
    0.0001    0.0001         0    0.0001         0

  Columns 6 through 7

    0.0488    0.4825
    0.0001    0.0001


noc =

     7

Case-3
optLoad =

   1.0e+04 *

  Columns 1 through 5

    0.6649    0.1499    0.7411    0.2011    2.3002
    0.0001    0.0001    0.0001    0.0001         0

  Columns 6 through 7

    0.2112    0.4825
    0.0001    0.0001


noc =

     7

Case-3
optLoad =

   1.0e+04 *

  Columns 1 through 5

    0.6649    0.4093    0.7411    0.2011    2.2515
    0.0001    0.0001    0.0001    0.0001         0

  Columns 6 through 7

    0.2112    0.4825
    0.0001    0.0001


noc =

     7

Case-3
optLoad =

   1.0e+04 *

  Columns 1 through 5

    0.6649    0.4093    0.7411    0.3893    2.1625
    0.0001    0.0001    0.0001    0.0001         0

  Columns 6 through 7

    0.2112    0.4825
    0.0001    0.0001


noc =

     7

Case-3
optLoad =

   1.0e+04 *

  Columns 1 through 5

    0.6649    0.4093    0.7411    0.3893    2.0919
    0.0001    0.0001    0.0001    0.0001         0

  Columns 6 through 7

    0.4725    0.4825
    0.0001    0.0001


noc =

     7

Case-3
optLoad =

   1.0e+04 *

  Columns 1 through 5

    0.6649    0.4093    0.7411    0.6279    1.9290
    0.0001    0.0001    0.0001    0.0001         0

  Columns 6 through 7

    0.4725    0.4825
    0.0001    0.0001


noc =

     7

Case-3
optLoad =

   1.0e+04 *

  Columns 1 through 5

    0.6649    0.6635    0.7411    0.6279    1.8595
    0.0001    0.0001    0.0001    0.0001         0

  Columns 6 through 7

    0.4725    0.4825
    0.0001    0.0001


noc =

     7


cont =

     7


cost =

   1.0062e+05


lat =

    2.1253


controllers =

    48    43    10    49     8    42    46


loads =

   1.0e+04 *

  Columns 1 through 5

    0.6649    0.6635    0.7411    0.6279    1.8595
    0.0001    0.0001    0.0001    0.0001         0

  Columns 6 through 7

    0.4725    0.4825
    0.0001    0.0001




cont =

     1


optVal =

   7.3617e+04


optLat =

    2.1753


optLoc =

    34


optLoad =

   1.0e+04 *

    6.7117
         0


cont =

     2


optVal =

   6.8322e+04


optLat =

    2.3214


optLoc =

    24     7


optLoad =

   1.0e+04 *

    1.7917    3.7405
         0         0


cont =

     3


optVal =

   6.8886e+04


optLat =

    2.0075


optLoc =

    17     6     1


optLoad =

   1.0e+04 *

    1.8771    1.7134    1.3481
         0         0         0


cont =

     4


optVal =

   6.5575e+04


optLat =

    1.4371


optLoc =

    15    44    30     1


optLoad =

   1.0e+04 *

    1.4854    0.6300    0.7824    1.0597
         0    0.0001         0         0


bestLoads =

   1.0e+04 *

    0.4806    1.1849    0.6787    0.9765    0.1985
    0.0001         0    0.0001         0    0.0001

Case-2
bestLoads =

   1.0e+03 *

    4.8064    9.9513    6.7866    9.7646    1.9852
    0.0010         0    0.0010         0    0.0010

Case-3
bestLoads =

   1.0e+03 *

    4.8064    8.6926    6.7866    9.7646    3.6807
    0.0010         0    0.0010         0    0.0010

Case-2
bestLoads =

   1.0e+03 *

    5.5021    8.1409    6.7866    9.7646    3.6807
    0.0010         0    0.0010         0    0.0010

Case-3
bestLoads =

   1.0e+03 *

    5.5021    7.7696    6.7866    9.7646    6.2591
    0.0010    0.0010    0.0010         0    0.0010

Case-2
bestLoads =

   1.0e+03 *

    5.5021    7.7696    6.7866    8.4530    6.2591
    0.0010    0.0010    0.0010         0    0.0010

Case-3
bestLoads =

   1.0e+03 *

    6.6564    7.7696    6.7866    7.6348    6.2591
    0.0010    0.0010    0.0010    0.0010    0.0010


cont =

     5


optVal =

   6.7606e+04


optLat =

    1.3719


optLoc =

    11     1    49    24    12


optLoad =

   1.0e+03 *

    6.6564    7.7696    6.7866    7.6348    6.2591
    0.0010    0.0010    0.0010    0.0010    0.0010


bestLoads =

   1.0e+03 *

  Columns 1 through 5

    8.0710    4.5221    5.8161    1.9711    8.4613
         0    0.0010    0.0010    0.0010         0

  Column 6

    1.8455
    0.0010

Case-2
bestLoads =

   1.0e+03 *

  Columns 1 through 5

    7.1090    4.5221    5.8161    1.9711    8.4613
    0.0010    0.0010    0.0010    0.0010         0

  Column 6

    1.8455
    0.0010

Case-1
bestLoads =

   1.0e+03 *

  Columns 1 through 5

    7.1090    4.5221    5.8161    1.9711    7.4056
    0.0010    0.0010    0.0010    0.0010    0.0010

  Column 6

    1.8455
    0.0010


cont =

     6


optVal =

   6.7669e+04


optLat =

    1.4027


optLoc =

    30    49     1    21     4    42


optLoad =

   1.0e+03 *

