>> comparisonLB

cont =

     1


cost =

   1.1808e+05


lat =

    3.5692


controllers =

    47


loads =

   1.0e+05 *

    1.1158
         0




cont =

     2


cost =

   8.9282e+04


lat =

    2.5608


controllers =

    10     8


loads =

   1.0e+04 *

    5.2913    2.3369
         0         0




cont =

     3


cost =

   7.5428e+04


lat =

    1.8844


controllers =

    15    30    22


loads =

   1.0e+04 *

    3.4120    2.1449    0.0360
         0         0    0.0001




cont =

     4


cost =

   7.3278e+04


lat =

    1.7241


controllers =

    31     1    40    12


loads =

   1.0e+04 *

    1.0936    2.4432    0.7015    0.4895
         0         0    0.0001    0.0001




cont =

     5


cost =

   7.6472e+04


lat =

    1.5990


controllers =

    31    38    39    21     1


loads =

   1.0e+04 *

    0.2598    0.7687    0.6029    0.4441    2.3217
    0.0001    0.0001    0.0001    0.0001         0




cont =

     6


cost =

   7.8742e+04


lat =

    1.6379


controllers =

    41     7    27     4    48    44


loads =

   1.0e+04 *

  Columns 1 through 5

    0.0517    0.7385    1.1920    0.6525    1.0261
    0.0001    0.0001         0    0.0001         0

  Column 6

    0.3134
    0.0001




cont =

     7


cost =

   8.4015e+04


lat =

    1.5110


controllers =

    35    20    24     7    25     1    38


loads =

   1.0e+04 *

  Columns 1 through 5

    0.1325    0.2018    0.3174    0.3273    0.0445
    0.0001    0.0001    0.0001    0.0001    0.0001

  Columns 6 through 7

    1.7065    1.1215
         0         0




optLoad =

   1.0e+03 *

  Columns 1 through 5

    3.0549    3.5781    7.6537    4.0830    6.9975
    0.0010    0.0010    0.0010    0.0010    0.0010

  Columns 6 through 8

    1.5783    1.6278    7.0228
    0.0010    0.0010    0.0010


cont =

     8


cost =

   8.7596e+04


lat =

    1.5681


controllers =

    50    43    17    40    31    25    19    15


loads =

   1.0e+03 *

  Columns 1 through 5

    3.0549    3.5781    7.6537    4.0830    6.9975
    0.0010    0.0010    0.0010    0.0010    0.0010

  Columns 6 through 8

    1.5783    1.6278    7.0228
    0.0010    0.0010    0.0010




optLoad =

   1.0e+04 *

  Columns 1 through 5

    0.1814    1.7688    0.7459    0.3379    0.7221
    0.0001         0    0.0001    0.0001    0.0001

  Columns 6 through 9

    0.0465    0.0512    0.0482    0.1467
    0.0001    0.0001    0.0001    0.0001

Case-1
optLoad =

   1.0e+04 *

  Columns 1 through 5

    0.1814    1.7293    0.7459    0.3379    0.7221
    0.0001         0    0.0001    0.0001    0.0001

  Columns 6 through 9

    0.1301    0.0512    0.0482    0.1467
    0.0001    0.0001    0.0001    0.0001

Case-1
optLoad =

   1.0e+04 *

  Columns 1 through 5

    0.1814    1.5627    0.7459    0.3379    0.7221
    0.0001         0    0.0001    0.0001    0.0001

  Columns 6 through 9

    0.3394    0.0512    0.0482    0.1467
    0.0001    0.0001    0.0001    0.0001

Case-3
optLoad =

   1.0e+04 *

  Columns 1 through 5

    0.1814    1.3808    0.7459    0.3379    0.7221
    0.0001         0    0.0001    0.0001    0.0001

  Columns 6 through 9

    0.3394    0.0512    0.1595    0.1467
    0.0001    0.0001    0.0001    0.0001

Case-1
optLoad =

   1.0e+04 *

  Columns 1 through 5

    0.1814    1.3290    0.7459    0.3379    0.7221
    0.0001         0    0.0001    0.0001    0.0001

  Columns 6 through 9

    0.4327    0.0512    0.1595    0.1467
    0.0001    0.0001    0.0001    0.0001

Case-2
optLoad =

   1.0e+04 *

  Columns 1 through 5

    0.1814    1.1925    0.7459    0.3379    0.7221
    0.0001         0    0.0001    0.0001    0.0001

  Columns 6 through 9

    0.4327    0.0512    0.1595    0.1467
    0.0001    0.0001    0.0001    0.0001

Case-3
optLoad =

   1.0e+04 *

  Columns 1 through 5

    0.1814    1.1186    0.7459    0.3379    0.7221
    0.0001         0    0.0001    0.0001    0.0001

  Columns 6 through 9

    0.4327    0.2170    0.1595    0.1467
    0.0001    0.0001    0.0001    0.0001

Case-3
optLoad =

   1.0e+04 *

  Columns 1 through 5

    0.1814    1.0838    0.7459    0.3379    0.7221
    0.0001         0    0.0001    0.0001    0.0001

  Columns 6 through 9

    0.4327    0.2170    0.1595    0.1467
    0.0001    0.0001    0.0001    0.0001

Case-3
optLoad =

   1.0e+04 *

  Columns 1 through 5

    0.1814    1.0481    0.7459    0.3379    0.7221
    0.0001         0    0.0001    0.0001    0.0001

  Columns 6 through 9

    0.4327    0.2170    0.1595    0.2259
    0.0001    0.0001    0.0001    0.0001

Case-3
optLoad =

   1.0e+03 *

  Columns 1 through 5

    1.8140    9.6373    7.4592    3.3791    7.2211
    0.0010         0    0.0010    0.0010    0.0010

  Columns 6 through 9

    4.3266    2.1704    4.2211    2.2591
    0.0010    0.0010    0.0010    0.0010

Case-1
optLoad =

   1.0e+03 *

  Columns 1 through 5

    1.8140    9.2355    7.4592    3.3791    7.2211
    0.0010         0    0.0010    0.0010    0.0010

  Columns 6 through 9

    4.3266    2.1704    4.2211    2.2591
    0.0010    0.0010    0.0010    0.0010

Case-3
optLoad =

   1.0e+03 *

  Columns 1 through 5

    3.2643    8.7010    7.4592    3.3791    7.2211
    0.0010         0    0.0010    0.0010    0.0010

  Columns 6 through 9

    4.3266    2.1704    4.2211    2.2591
    0.0010    0.0010    0.0010    0.0010

Case-3
optLoad =

   1.0e+03 *

  Columns 1 through 5

    3.2643    8.2351    7.4592    3.3791    7.2211
    0.0010         0    0.0010    0.0010    0.0010

  Columns 6 through 9

    4.3266    4.6432    4.2211    2.2591
    0.0010    0.0010    0.0010    0.0010


cont =

     9


cost =

   1.0351e+05


lat =

    1.8254


controllers =

  Columns 1 through 8

    41     1    25     9    47    36    20    12

  Column 9

    10


loads =

   1.0e+03 *

  Columns 1 through 5

    3.2643    8.2351    7.4592    3.3791    7.2211
    0.0010         0    0.0010    0.0010    0.0010

  Columns 6 through 9

    4.3266    4.6432    4.2211    2.2591
    0.0010    0.0010    0.0010    0.0010




optLoad =

   1.0e+03 *

  Columns 1 through 5

    1.8000    2.3320    4.3718    1.7216    0.3645
    0.0010    0.0010    0.0010    0.0010    0.0010

  Columns 6 through 10

    1.0762    8.1787    9.5520    2.0439    0.4747
    0.0010         0         0    0.0010    0.0010

Case-1
optLoad =

   1.0e+03 *

  Columns 1 through 5

    1.8000    3.2068    4.3718    1.7216    0.3645
    0.0010    0.0010    0.0010    0.0010    0.0010

  Columns 6 through 10

    1.0762    7.6012    9.5520    2.0439    0.4747
    0.0010         0         0    0.0010    0.0010

Case-1
optLoad =

   1.0e+03 *

  Columns 1 through 5

    1.8000    4.4542    4.3718    1.7216    0.3645
    0.0010    0.0010    0.0010    0.0010    0.0010

  Columns 6 through 10

    1.0762    6.6512    9.5520    2.0439    0.4747
    0.0010         0         0    0.0010    0.0010

Case-3
optLoad =

   1.0e+03 *

  Columns 1 through 5

    1.8000    4.4542    4.3718    1.7216    2.8770
    0.0010    0.0010    0.0010    0.0010    0.0010

  Columns 6 through 10

    1.0762    6.3232    9.5520    2.0439    0.4747
    0.0010         0         0    0.0010    0.0010

Case-3
optLoad =

   1.0e+03 *

  Columns 1 through 5

    1.8000    4.4542    4.3718    1.7216    2.8770
    0.0010    0.0010    0.0010    0.0010    0.0010

  Columns 6 through 10

    1.0762    5.7215    9.5520    2.0439    3.7269
    0.0010         0         0    0.0010    0.0010

Case-3
optLoad =

   1.0e+03 *

  Columns 1 through 5

    1.8000    4.4542    4.3718    1.7216    2.8770
    0.0010    0.0010    0.0010    0.0010    0.0010

  Columns 6 through 10

    3.1180    4.2790    9.5520    2.0439    3.7269
    0.0010    0.0010         0    0.0010    0.0010

Case-1
optLoad =

   1.0e+03 *

  Columns 1 through 5

    1.8000    4.9340    4.3718    1.7216    2.8770
    0.0010    0.0010    0.0010    0.0010    0.0010

