>> comparisonLB

cont =

     1


cost =

   1.0581e+05


lat =

    3.2779


controllers =

    25


loads =

   1.0e+04 *

    9.9306
         0




cont =

     2


cost =

   9.3685e+04


lat =

    2.5875


controllers =

    17    36


loads =

   1.0e+04 *

    2.2828    5.7857
         0         0




cont =

     3


cost =

   9.0842e+04


lat =

    2.3937


controllers =

    49    48    26


loads =

   1.0e+04 *

    0.4376    3.2705    3.4261
    0.0001         0         0




cont =

     4


cost =

   7.7642e+04


lat =

    1.6749


controllers =

    15    25    46     2


loads =

   1.0e+04 *

    1.1671    0.2874    1.4467    2.2630
         0    0.0001         0         0




cont =

     5


cost =

   8.1509e+04


lat =

    1.7682


controllers =

    14     8     7    28    48


loads =

   1.0e+04 *

    0.6166    0.0429    2.3338    0.8441    1.0635
    0.0001    0.0001         0         0         0




cont =

     6


cost =

   8.3480e+04


lat =

    1.7297


controllers =

    35    14    45    38    15    31


loads =

   1.0e+04 *

  Columns 1 through 5

    0.0458    2.2312    0.4118    0.4022    1.3232
    0.0001         0    0.0001    0.0001         0

  Column 6

    0.0338
    0.0001




cont =

     7


cost =

   8.3522e+04


lat =

    1.4889


controllers =

    32     3    17    46    13    33    10


loads =

   1.0e+04 *

  Columns 1 through 5

    1.2237    0.1939    0.3092    0.3862    0.3834
         0    0.0001    0.0001    0.0001    0.0001

  Columns 6 through 7

    1.0833    0.2224
         0    0.0001




optLoad =

   1.0e+04 *

  Columns 1 through 5

    1.2267    1.0417    0.1795    0.0465    0.4253
         0         0    0.0001    0.0001    0.0001

  Columns 6 through 8

    0.1345         0    0.6532
    0.0001    0.0001    0.0001

Case-1
optLoad =

   1.0e+04 *

  Columns 1 through 5

    1.1428    1.0417    0.1795    0.0465    0.4253
         0         0    0.0001    0.0001    0.0001

  Columns 6 through 8

    0.1345         0    0.6532
    0.0001    0.0001    0.0001

Case-1
optLoad =

   1.0e+04 *

  Columns 1 through 5

    0.9317    1.0417    0.1795    0.2631    0.4253
         0         0    0.0001    0.0001    0.0001

  Columns 6 through 8

    0.1345         0    0.6532
    0.0001    0.0001    0.0001

Case-1
optLoad =

   1.0e+04 *

  Columns 1 through 5

    0.7768    1.0417    0.1795    0.2631    0.4253
         0         0    0.0001    0.0001    0.0001

  Columns 6 through 8

    0.1345         0    0.6532
    0.0001    0.0001    0.0001

Case-3
optLoad =

   1.0e+04 *

  Columns 1 through 5

    0.7099    1.0417    0.1795    0.2631    0.4253
         0         0    0.0001    0.0001    0.0001

  Columns 6 through 8

    0.1345    0.0424    0.6532
    0.0001    0.0001    0.0001

Case-3
optLoad =

   1.0e+04 *

  Columns 1 through 5

    0.6270    1.0417    0.1795    0.2631    0.4253
         0         0    0.0001    0.0001    0.0001

  Columns 6 through 8

    0.1345    0.1263    0.6532
    0.0001    0.0001    0.0001

Case-3
optLoad =

   1.0e+04 *

  Columns 1 through 5

    0.5625    1.0417    0.1795    0.2631    0.4253
         0         0    0.0001    0.0001    0.0001

  Columns 6 through 8

    0.1345    0.2384    0.6532
    0.0001    0.0001    0.0001

Case-3
optLoad =

   1.0e+04 *

  Columns 1 through 5

    0.4945    1.0417    0.1795    0.2631    0.4253
    0.0001         0    0.0001    0.0001    0.0001

  Columns 6 through 8

    0.2176    0.2384    0.6532
    0.0001    0.0001    0.0001

Case-1
optLoad =

   1.0e+03 *

  Columns 1 through 5

    4.9451    8.2550    1.7952    2.6311    4.2529
    0.0010         0    0.0010    0.0010    0.0010

  Columns 6 through 8

    2.1756    4.7670    6.5322
    0.0010    0.0010    0.0010

Case-1
optLoad =

   1.0e+03 *

  Columns 1 through 5

    4.9451    7.3189    1.7952    2.6311    4.2529
    0.0010         0    0.0010    0.0010    0.0010

  Columns 6 through 8

    2.1756    4.7670    6.5322
    0.0010    0.0010    0.0010

Case-3
optLoad =

   1.0e+03 *

  Columns 1 through 5

    4.9451    7.0432    2.2650    2.6311    4.2529
    0.0010         0    0.0010    0.0010    0.0010

  Columns 6 through 8

    2.1756    4.7670    6.5322
    0.0010    0.0010    0.0010

Case-3
optLoad =

   1.0e+03 *

  Columns 1 through 5

    4.9451    6.5319    2.2650    2.6311    4.2529
    0.0010         0    0.0010    0.0010    0.0010

  Columns 6 through 8

    2.9514    4.7670    6.5322
    0.0010    0.0010    0.0010

Case-3
optLoad =

   1.0e+03 *

  Columns 1 through 5

    4.9451    5.7082    3.3026    2.6311    4.2529
    0.0010         0    0.0010    0.0010    0.0010

  Columns 6 through 8

    2.9514    4.7670    6.5322
    0.0010    0.0010    0.0010

Case-3
optLoad =

   1.0e+03 *

  Columns 1 through 5

    4.9451    5.3301    3.3026    3.8421    4.2529
    0.0010         0    0.0010    0.0010    0.0010

  Columns 6 through 8

    2.9514    4.7670    6.5322
    0.0010    0.0010    0.0010

Case-3
optLoad =

   1.0e+03 *

  Columns 1 through 5

    4.9451    4.6064    3.3026    3.8421    4.2529
    0.0010    0.0010    0.0010    0.0010    0.0010

  Columns 6 through 8

    4.0237    4.7670    6.5322
    0.0010    0.0010    0.0010


cont =

     8


cost =

   8.8272e+04


lat =

    1.3866


controllers =

    34    24     6    36    40    17    16    11


loads =

   1.0e+03 *

  Columns 1 through 5

    4.9451    4.6064    3.3026    3.8421    4.2529
    0.0010    0.0010    0.0010    0.0010    0.0010

  Columns 6 through 8

    4.0237    4.7670    6.5322
    0.0010    0.0010    0.0010




cont =

     1


ans =

   1.1051e+05


ans =

    3.4110


rc =

    26


l =

   1.0e+05 *

    1.0401
         0




cont =

     2


ans =

   1.0394e+05


ans =

    2.9231


rc =

     3    35


l =

   1.0e+04 *

    0.2249    8.8687
    0.0001         0




cont =

     3


ans =

   9.1829e+04


ans =

    2.3491


rc =

    10    13    42


l =

   1.0e+04 *

    5.5165    1.5157    0.2007
         0         0    0.0001




cont =

     4


ans =

   8.5295e+04


ans =

    1.9594


rc =

    24    36    37    42


l =

   1.0e+04 *

    1.8277    3.6589    0.2444    0.1985
         0         0    0.0001    0.0001




cont =

     5


ans =

   8.6679e+04


ans =

    1.7341


rc =

     6     9    13    32    46


l =

   1.0e+04 *

    0.5008         0    0.3651    3.0544    1.4975
    0.0001    0.0001    0.0001         0         0




cont =

     6


ans =

   8.8888e+04


ans =

    1.7759


rc =

     2     6     7     7    11    21


l =

   1.0e+04 *

  Columns 1 through 5

    1.4267    0.0910    0.9751         0    2.2775
         0    0.0001         0    0.0001         0

  Column 6

    0.2185
    0.0001




cont =

     7


ans =

   8.6676e+04


ans =

    1.3303


rc =

     7    10    19    28    29    38    50


l =

   1.0e+04 *

  Columns 1 through 5

    0.3586    1.4616    0.3541    0.0431    0.4948
    0.0001         0    0.0001    0.0001    0.0001

  Columns 6 through 7

    0.9280    0.4774
         0    0.0001




cont =

     8


ans =

   9.0808e+04


ans =

    1.2964


rc =

     8    11    12    14    23    42    42    46


l =

   1.0e+04 *

  Columns 1 through 5

    0.5858    0.2321    0.2912    1.7542    0.0394
    0.0001    0.0001    0.0001         0    0.0001

  Columns 6 through 8

    0.3164         0    0.6617
    0.0001    0.0001    0.0001




yRand =

   1.0e+05 *

  Columns 1 through 5

    1.1051    1.0394    0.9183    0.8529    0.8668

  Columns 6 through 8

    0.8889    0.8668    0.9081


ySa =

   1.0e+05 *

  Columns 1 through 5

    1.0581    0.9369    0.9084    0.7764    0.8151

  Columns 6 through 8

    0.8348    0.8352    0.8827


randTime =

  Columns 1 through 5

    0.0034    0.0043    0.0045    0.0047    0.0057

  Columns 6 through 8

    0.0068    0.0079    0.0090


saTime =

  Columns 1 through 5

  123.8816  192.3355  287.8759  383.0871  480.6393

