>> TradeOffCostLatency

latArr =

  Columns 1 through 4

    0.8006         0         0         0
    0.8006         0         0         0

  Columns 5 through 8

         0         0         0         0
         0         0         0         0


costArr =

   1.0e+04 *

  Columns 1 through 4

    1.7709         0         0         0
    1.7709         0         0         0

  Columns 5 through 8

         0         0         0         0
         0         0         0         0


latArr =

  Columns 1 through 4

    0.8006    0.5870         0         0
    0.8006    0.5870         0         0

  Columns 5 through 8

         0         0         0         0
         0         0         0         0


costArr =

   1.0e+04 *

  Columns 1 through 4

    1.7709    2.1217         0         0
    1.7709    2.1217         0         0

  Columns 5 through 8

         0         0         0         0
         0         0         0         0


latArr =

  Columns 1 through 4

    0.8006    0.5870    0.4861         0
    0.8006    0.5870    0.4861         0

  Columns 5 through 8

         0         0         0         0
         0         0         0         0


costArr =

   1.0e+04 *

  Columns 1 through 4

    1.7709    2.1217    2.6305         0
    1.7709    2.1217    2.6305         0

  Columns 5 through 8

         0         0         0         0
         0         0         0         0


latArr =

  Columns 1 through 4

    0.8006    0.5870    0.4861    0.4299
    0.8006    0.5870    0.4861    0.4299

  Columns 5 through 8

         0         0         0         0
         0         0         0         0


costArr =

   1.0e+04 *

  Columns 1 through 4

    1.7709    2.1217    2.6305    3.2019
    1.7709    2.1217    2.6305    3.2019

  Columns 5 through 8

         0         0         0         0
         0         0         0         0


latArr =

  Columns 1 through 4

    0.8006    0.5870    0.4861    0.4299
    0.8006    0.5870    0.4861    0.4299

  Columns 5 through 8

    0.3849         0         0         0
    0.3849         0         0         0


costArr =

   1.0e+04 *

  Columns 1 through 4

    1.7709    2.1217    2.6305    3.2019
    1.7709    2.1217    2.6305    3.2019

  Columns 5 through 8

    3.7889         0         0         0
    3.7889         0         0         0


latArr =

  Columns 1 through 4

    0.8006    0.5870    0.4861    0.4299
    0.8006    0.5870    0.4861    0.4299

  Columns 5 through 8

    0.3849    0.3483         0         0
    0.3849    0.3483         0         0


costArr =

   1.0e+04 *

  Columns 1 through 4

    1.7709    2.1217    2.6305    3.2019
    1.7709    2.1217    2.6305    3.2019

  Columns 5 through 8

    3.7889    4.3876         0         0
    3.7889    4.3876         0         0


latArr =

  Columns 1 through 4

    0.8006    0.5870    0.4861    0.4299
    0.8006    0.5870    0.4861    0.4299

  Columns 5 through 8

    0.3849    0.3483    0.3128         0
    0.3849    0.3483    0.3128         0


costArr =

   1.0e+04 *

  Columns 1 through 4

    1.7709    2.1217    2.6305    3.2019
    1.7709    2.1217    2.6305    3.2019

  Columns 5 through 8

    3.7889    4.3876    4.9879         0
    3.7889    4.3876    4.9879         0


latArr =

  Columns 1 through 4

    0.8006    0.5870    0.4861    0.4299
    0.8006    0.5870    0.4861    0.4299

  Columns 5 through 8

    0.3849    0.3483    0.3128    0.2816
    0.3849    0.3483    0.3128    0.2816


costArr =

   1.0e+04 *

  Columns 1 through 4

    1.7709    2.1217    2.6305    3.2019
    1.7709    2.1217    2.6305    3.2019

  Columns 5 through 8

    3.7889    4.3876    4.9879    5.5942
    3.7889    4.3876    4.9879    5.5942


latArr =

  Columns 1 through 4

    0.8006    0.5870    0.4861    0.4299
    0.8006    0.5870    0.4861    0.4299

  Columns 5 through 8

    0.3849    0.3483    0.3128    0.2816
    0.3849    0.3483    0.3128    0.2816


costArr =

   1.0e+04 *

  Columns 1 through 4

    1.7709    2.1217    2.6305    3.2019
    1.7709    2.1217    2.6305    3.2019

  Columns 5 through 8

    3.7889    4.3876    4.9879    5.5942
    3.7889    4.3876    4.9879    5.5942

>> 