>> comparison_NEW2

cont =

     1


cost =

   2.3084e+04


lat =

    1.1846


controllers =

     8


cont =

     2


cost =

   2.2901e+04


lat =

    0.7471


controllers =

    19    12


cont =

     3


cost =

   3.0334e+04


lat =

    0.8841


controllers =

    20     9     5


cont =

     4


cost =

   3.5827e+04


lat =

    0.8254


controllers =

    15    11     9    16


cont =

     5


cost =

   3.9887e+04


lat =

    0.6095


controllers =

    20    13    12     7    26


cont =

     6


cost =

   4.6794e+04


lat =

    0.6337


controllers =

     2    13    25    27     7     9


cont =

     7


cost =

   5.1693e+04


lat =

    0.5854


controllers =

    21    20     4    17    22    23    14


cont =

     1


ans =

   2.4010e+04


ans =

    1.2507


rc =

     7


cont =

     2


ans =

   2.4612e+04


ans =

    0.8786


rc =

    24    19


cont =

     3


ans =

   3.1672e+04


ans =

    0.9532


rc =

    20     3    25


cont =

     4


ans =

   3.6263e+04


ans =

    0.8157


rc =

     3    24    16    27


cont =

     5


ans =

   4.0586e+04


ans =

    0.6815


rc =

    21    18     6    12    10


cont =

     6


ans =

   4.7702e+04


ans =

    0.7565


rc =

    26    19     7    13     4     8


cont =

     7


ans =

   5.3379e+04


ans =

    0.6396


rc =

     5    11     5    11    28    13     9


randTime =

  Columns 1 through 4

    0.0015    0.0015    0.0016    0.0011

  Columns 5 through 7

    0.0012    0.0015    0.0017


saTime =

  Columns 1 through 4

   19.3557   38.3382   57.1287   75.9323

  Columns 5 through 7

   94.7969  113.5894  132.5167

>> 