>> comparison_NEW2

cont =

     1


cost =

   2.1144e+04


lat =

   29.2889


controllers =

    28


cont =

     2


cost =

   2.4370e+04


lat =

   28.6421


controllers =

    14    26


cont =

     3


cost =

   2.9267e+04


lat =

   34.1465


controllers =

    26     6     4


cont =

     4


cost =

   3.3216e+04


lat =

   40.9679


controllers =

    12    25    16    14


cont =

     5


cost =

   4.0759e+04


lat =

   41.7282


controllers =

    17     4     5    25    15


cont =

     6


cost =

   4.6812e+04


lat =

   42.0448


controllers =

     9     3    28     7    17    25


cont =

     7


cost =

   5.1678e+04


lat =

   36.1714


controllers =

    14    16    18     4    24    19    27


cont =

     1


ans =

   2.1812e+04


ans =

   30.6244


rc =

     6


cont =

     2


ans =

   2.8448e+04


ans =

   36.9380


rc =

     9     5


cont =

     3


ans =

   2.9843e+04


ans =

   36.4568


rc =

    14    19    13


cont =

     4


ans =

   3.4648e+04


ans =

   43.1693


rc =

    15    22     9    13


cont =

     5


ans =

   4.1884e+04


ans =

   40.6349


rc =

     5    10     2    27     9


cont =

     6


ans =

   4.6840e+04


ans =

   37.6347


rc =

     3    13    27    27    14    18


cont =

     7


ans =

   5.1803e+04


ans =

   34.5283


rc =

     3    19    12     1     4     2    23


randTime =

  Columns 1 through 4

    0.0015    0.0014    0.0015    0.0010

  Columns 5 through 7

    0.0013    0.0014    0.0018


saTime =

  Columns 1 through 4

   19.0167   37.6100   56.2003   74.7509

  Columns 5 through 7

   93.2552  111.8847  130.4177

>> 
>> 