>> comparison_NEW2

cont =

     1


cost =

   6.0390e+04


lat =

  107.7799


controllers =

     8


cont =

     2


cost =

   5.1404e+04


lat =

  135.0457


controllers =

    21    25


cont =

     3


cost =

   5.3537e+04


lat =

  114.6802


controllers =

    21    15     3


cont =

     4


cost =

   5.1778e+04


lat =

  128.7334


controllers =

     8    24    19    25


cont =

     5


cost =

   5.5015e+04


lat =

  105.5669


controllers =

    33    16     2     5    20


cont =

     6


cost =

   5.6928e+04


lat =

  131.5687


controllers =

     3    10    23    11    27     7


cont =

     7


cost =

   6.6883e+04


lat =

  147.6127


controllers =

    25     7    27    11    22    14    24


cont =

     1


ans =

   9.8960e+04


ans =

  184.9197


rc =

    17


cont =

     2


ans =

   5.4482e+04


ans =

  131.8474


rc =

    20    28


cont =

     3


ans =

   5.8677e+04


ans =

  117.7926


rc =

     4    16    21


cont =

     4


ans =

   5.2816e+04


ans =

  105.4912


rc =

     5    21    30    26


cont =

     5


ans =

   6.2167e+04


ans =

  161.8402


rc =

    17    17    15    28     8


cont =

     6


ans =

   5.8339e+04


ans =

  128.6791


rc =

    25     6    23    14    27     2


cont =

     7


ans =

   6.9114e+04


ans =

  156.7307


rc =

    21    22    28    15    22     8    31


randTime =

  Columns 1 through 4

    0.0016    0.0016    0.0019    0.0014

  Columns 5 through 7

    0.0017    0.0020    0.0023


saTime =

  Columns 1 through 4

   27.1903   54.0312   80.6470  107.3756

  Columns 5 through 7

  134.0633  160.9561  187.5128

>> 
>> 