>> comparison_NEW2

cont =

     1


cost =

   2.3466e+04


lat =

   33.9318


controllers =

    19


cont =

     2


cost =

   2.5084e+04


lat =

   26.5832


controllers =

    18     4


cont =

     3


cost =

   2.8201e+04


lat =

   37.1135


controllers =

    12     1    19


cont =

     4


cost =

   3.3012e+04


lat =

   31.1410


controllers =

    18    14    13    12


cont =

     5


cost =

   4.0689e+04


lat =

   36.7149


controllers =

    14     8     6    13    10


cont =

     6


cost =

   4.6026e+04


lat =

   42.8818


controllers =

    20    18    10     8     5    15


cont =

     7


cost =

   5.1707e+04


lat =

   34.7444


controllers =

     9     4    11    20    14    24    16


cont =

     1


ans =

   2.4010e+04


ans =

   35.0207


rc =

     7


cont =

     2


ans =

   2.6861e+04


ans =

   35.7925


rc =

     1     3


cont =

     3


ans =

   2.9651e+04


ans =

   37.9346


rc =

    14     2     5


cont =

     4


ans =

   3.3020e+04


ans =

   34.6074


rc =

    13    25    12    17


cont =

     5


ans =

   4.1872e+04


ans =

   46.9727


rc =

    15    21    28     7    16


cont =

     6


ans =

   4.8942e+04


ans =

   48.2892


rc =

    21    24    21     7    15    21


cont =

     7


ans =

   5.2488e+04


ans =

   37.0276


rc =

    28     2    27    12     5     2     2


randTime =

  Columns 1 through 4

    0.0015    0.0016    0.0015    0.0010

  Columns 5 through 7

    0.0012    0.0014    0.0016


saTime =

  Columns 1 through 4

   18.5158   36.7067   54.7421   72.8371

  Columns 5 through 7

   90.8348  108.9128  126.9596

Undefined function or variable 'gaTime'.

Error in comparison_NEW2 (line 307)
gaTime
 
>> comparison_NEW2

cont =

     1


cost =

   9.6955e+04


lat =

  180.9103


controllers =

    50


cont =

     2


cost =

   6.9992e+04


lat =

  154.0044


controllers =

    26    32


cont =

     3


cost =

   7.1691e+04


lat =

  154.2095


controllers =

    38    16    50


cont =

     4


cost =

   6.9864e+04


lat =

  184.5966


controllers =

    30    18    46     8


cont =

     5


cost =

   7.9667e+04


lat =

  154.8142


controllers =

    28    34    11     1     4


cont =

     6


cost =

   8.0105e+04


lat =

  172.8733


controllers =

     3    23    41    27    17    26


cont =

     7


cost =

   7.3203e+04


lat =

  155.8108


controllers =

     7    43    24    25     9    48    22


cont =

     1


ans =

   9.9716e+04


ans =

  186.4312


rc =

    35


cont =

     2


ans =

   8.1728e+04


ans =

  161.8973


rc =

    43    46


cont =

     3


ans =

   7.7828e+04


ans =

  148.6076


rc =

     6     7    44


cont =

     4


ans =

   7.0533e+04


ans =

  150.7414


rc =

    43    10     9    17


cont =

     5


ans =

   8.3608e+04


ans =

  159.0432


rc =

    18    14    34    41    14


cont =

     6


ans =

   8.1475e+04


ans =

  204.0804


rc =

    27    39     6    22    27    13


cont =

     7


ans =

   7.3638e+04


ans =

  167.4289


rc =

    45    27    31    36    18    41    39


randTime =

  Columns 1 through 4

    0.0023    0.0031    0.0039    0.0042

  Columns 5 through 7

    0.0052    0.0061    0.0071


saTime =

  Columns 1 through 4

   86.4788  172.4868  258.5919  344.7443

  Columns 5 through 7

  430.6629  516.3929  602.6379

>> 