>> comparison_NEW2

cont =

     1


cost =

   1.5693e+06


controllers =

     8


cont =

     2


cost =

   1.0913e+06


controllers =

    25    23


cont =

     3


cost =

   1.0112e+06


controllers =

     9    21    11


cont =

     4


cost =

   8.6228e+05


controllers =

    19    26    10    12


cont =

     5


cost =

   6.5056e+05


controllers =

    21    23    29    11    26


cont =

     6


cost =

   6.2788e+05


controllers =

     9    29    18    28    15    26


cont =

     7


cost =

   5.6360e+05


controllers =

    18    17    12     3    11    14    20


cont =

     8


cost =

   5.5161e+05


controllers =

  Columns 1 through 7

     1    17    27     5    25    15     7

  Column 8

    33


cont =

     9


cost =

   5.2230e+05


controllers =

  Columns 1 through 7

    20     3    29    23     9    21    17

  Columns 8 through 9

    19     8


cont =

    10


cost =

   4.6010e+05


controllers =

  Columns 1 through 7

     4     3    17    19     5     2    11

  Columns 8 through 10

    27    16    33


randomIterations =

    74    26    84    19    62


mutProb =

    19

 done

mutProb =

    26

 done

mutProb =

    62

 done

mutProb =

    74

 done

mutProb =

    84

 done

randomIterations =

    67    41    18    95    80


mutProb =

    18

 done

mutProb =

    41

 done

mutProb =

    67

 done

mutProb =

    80

 done

mutProb =

    95

 done

randomIterations =

    90    71    36    29    66


mutProb =

    29

 done

mutProb =

    36

 done

mutProb =

    66

 done

mutProb =

    71

 done

mutProb =

    90

 done

randomIterations =

    80    79    18    71    51


mutProb =

    18

 done

mutProb =

    51

 done

mutProb =

    71

 done

mutProb =

    79

 done

mutProb =

    80

 done

randomIterations =

    50    94    38     4    82


mutProb =

     4

 done

mutProb =

    38

 done

mutProb =

    50

 done

mutProb =

    82

 done

mutProb =

    94

 done

randomIterations =

    70    27    98    67    67


cont =

     1


optVal =

   5.5210e+04


optLoc =

     7


mutProb =

    27

 done

mutProb =

    67

 done

mutProb =

    70

 done

mutProb =

    98

 done

randomIterations =

    66    49    61    33    74


mutProb =

    33

 done

mutProb =

    49

 done

mutProb =

    61

 done

mutProb =

    66

 done

mutProb =

    74

 done

randomIterations =

    67    37    20    77    14


mutProb =

    14

 done

mutProb =

    20

 done

mutProb =

    37

 done

mutProb =

    67

 done

mutProb =

    77

 done

randomIterations =

    79    62    42    43     4


mutProb =

     4

 done

mutProb =

    42

 done

mutProb =

    43

 done

mutProb =

    62

 done

mutProb =

    79

 done

randomIterations =

    41    82    68    84    10


mutProb =

    10

 done

mutProb =

    41

 done

mutProb =

    68

 done

mutProb =

    82

 done

mutProb =

    84

 done

randomIterations =

    75    56    53    34    52


cont =

     2


optVal =

   4.9341e+04


optLoc =

    21    15


mutProb =

    34

 done

mutProb =

    52

 done

mutProb =

    53

 done

mutProb =

    56

 done

mutProb =

    75

 done

randomIterations =

    49    59    56    79    38


mutProb =

    38

 done

mutProb =

    49

 done

mutProb =

    56

 done

mutProb =

    59

 done

mutProb =

    79

 done

randomIterations =

    54    39    63    54    94


mutProb =

    39

 done

mutProb =

    54

 done

mutProb =

    63

 done

mutProb =

    94

 done

randomIterations =

    73    67    43    88    76


mutProb =

    43

 done

mutProb =

    67

 done

mutProb =

    73

 done

mutProb =

    76

 done

mutProb =

    88

 done

randomIterations =

    83    49    55    66    97


mutProb =

    49

 done

mutProb =

    55

 done

mutProb =

    66

 done

mutProb =

    83

 done

mutProb =

    97

 done

randomIterations =

    89    68    88     4    40


cont =

     3


optVal =

   4.3745e+04


optLoc =

    23    30     6


mutProb =

     4

 done

mutProb =

    40

 done

mutProb =

    68

 done

mutProb =

    88

 done

mutProb =

    89

 done

randomIterations =

    26    15    94    76    80


mutProb =

    15

 done

mutProb =

    26

 done

mutProb =

    76

 done

mutProb =

    80

 done

mutProb =

    94

 done

randomIterations =

    63    40    57    91    61


mutProb =

    40

 done

mutProb =

    57

 done

mutProb =

    61

 done

mutProb =

    63

 done

mutProb =

    91

 done

randomIterations =

    82    42     8    82    93


mutProb =

     8

 done

mutProb =

    42

 done

mutProb =

    82

 done

mutProb =

    93

 done

randomIterations =

    43    66    65    49    30


mutProb =

    30

 done

mutProb =

    43

 done

mutProb =

    49

 done

mutProb =

    65

 done

mutProb =

    66

 done

randomIterations =

    63    81    10    68     5


cont =

     4


optVal =

   4.6445e+04


optLoc =

    23    30     6    16


mutProb =

     5

 done

mutProb =

    10

 done

mutProb =

    63

 done

mutProb =

    68

 done

mutProb =

    81

 done

randomIterations =

    53    49    11    88     3


mutProb =

     3

 done

mutProb =

    11

 done

mutProb =

    49

 done

mutProb =

    53

 done

mutProb =

    88

 done

randomIterations =

    18     7    48    66    58


mutProb =

     7

 done

mutProb =

    18

 done

mutProb =

    48

 done

mutProb =

    58

 done

mutProb =

    66

 done

randomIterations =

    44    86    19     6    50


mutProb =

     6

 done

mutProb =

    19

 done

mutProb =

    44

 done

mutProb =

    50

 done

mutProb =

    86

 done

randomIterations =

    89    46    46    37    12


mutProb =

    12

 done

mutProb =

    37

 done

mutProb =

    46

 done

mutProb =

    89

 done

randomIterations =

    12    44    28    58    62


cont =

     5


optVal =

   4.9566e+04


optLoc =

    30     4    29     7    23


mutProb =

    12

 done

mutProb =

    28

 done

mutProb =

    44

 done

mutProb =

    58

 done

mutProb =

    62

 done

randomIterations =

    35    70    44    59     8


mutProb =

     8

 done

mutProb =

    35

 done

mutProb =

    44

 done

mutProb =

    59

 done

mutProb =

    70

 done

randomIterations =

    19    89    54     8    20


mutProb =

     8

 done

mutProb =

    19

 done

mutProb =

    20

 done

mutProb =

    54

 done

mutProb =

    89

 done

randomIterations =

    65    82    12    96    31


mutProb =

    12

 done

mutProb =

    31

 done

mutProb =

    65

 done

mutProb =

    82

 done

mutProb =

    96

 done

randomIterations =

    67     3    43    63    91


mutProb =

     3

 done

mutProb =

    43

 done

mutProb =

    63

 done

mutProb =

    67

 done

mutProb =

    91

 done

randomIterations =

    95    53    20    72    21


cont =

     6


optVal =

   5.3729e+04


optLoc =

    29    20    23     7     4    32


mutProb =

    20

 done

mutProb =

    21

 done

mutProb =

    53

 done

mutProb =

    72

 done

mutProb =

    95

 done

randomIterations =

    59    34     8    62    10


mutProb =

     8

 done

mutProb =

    10

 done

mutProb =

    34

 done

mutProb =

    59

 done

mutProb =

    62

 done

randomIterations =

    53    60    27    86    59


mutProb =

    27

 done

mutProb =

    53

 done

mutProb =

    59

 done

mutProb =

    60

 done

mutProb =

    86

 done

randomIterations =

     2    48    60    57    44


mutProb =

     2

 done

mutProb =

    44

 done

mutProb =

    48

 done

mutProb =

    57

 done

mutProb =

    60

 done

randomIterations =

    85    97    93    70    37


mutProb =

    37

 done

mutProb =

    70

 done

mutProb =

    85

 done

mutProb =

    93

 done

mutProb =

    97

 done

randomIterations =

     6    47    85    11    79


cont =

     7


optVal =

   5.8905e+04


optLoc =

     3     9     7    23    17    29    26


