
cont =

     1


cost =

   1.0360e+05


lat =

    3.4065


controllers =

    38


loads =

   1.0e+05 *

    1.0360
         0




cont =

     2


cost =

   8.5365e+04


lat =

    2.9136


controllers =

    43    31


loads =

   1.0e+04 *

    1.3827    7.1537
         0         0




cont =

     3


cost =

   8.2705e+04


lat =

    2.8809


controllers =

    21    19    41


loads =

   1.0e+04 *

    0.1806    5.1058    2.9839
    0.0001         0         0




cont =

     4


cost =

   5.1382e+04


lat =

    1.7455


controllers =

    27    42    30    40


loads =

   1.0e+04 *

    2.8405    0.3204    1.5664    0.4107
         0    0.0001         0    0.0001




cont =

     5


cost =

   5.6121e+04


lat =

    2.0581


controllers =

    19     9    39    38    26


loads =

   1.0e+04 *

    1.0254    0.4656    2.4196    0.9377    0.7635
         0    0.0001         0         0    0.0001




optLoad =

   1.0e+04 *

    0.1944    0.6321    2.1113    0.1595    0.0866    0.8702
    0.0001    0.0001         0    0.0001    0.0001         0

Case-1
optLoad =

   1.0e+04 *

    0.1944    0.6321    2.0587    0.1595    0.1832    0.8702
    0.0001    0.0001         0    0.0001    0.0001         0


noc =

     6

Case-2
optLoad =

   1.0e+04 *

    0.1944    0.6321    1.9439    0.1595    0.1832    0.8702
    0.0001    0.0001         0    0.0001    0.0001         0


noc =

     6

Case-3
optLoad =

   1.0e+04 *

    0.1944    0.6321    1.8594    0.2477    0.1832    0.8702
    0.0001    0.0001         0    0.0001    0.0001         0


noc =

     6

Case-2
optLoad =

   1.0e+04 *

    0.1944    0.6321    1.8290    0.2477    0.2565    0.8702
    0.0001    0.0001         0    0.0001    0.0001         0


noc =

     6

Case-3
optLoad =

   1.0e+04 *

    0.2984    0.6321    1.7674    0.2477    0.2565    0.8702
    0.0001    0.0001         0    0.0001    0.0001         0


noc =

     6

Case-2
optLoad =

   1.0e+04 *

    0.2984    0.6321    1.6773    0.2477    0.3661    0.8702
    0.0001    0.0001         0    0.0001    0.0001         0


noc =

     6

Case-2
optLoad =

   1.0e+04 *

    0.2984    0.7495    1.5896    0.2477    0.3661    0.8702
    0.0001    0.0001         0    0.0001    0.0001         0


noc =

     6

Case-3
optLoad =

   1.0e+04 *

    0.2984    0.7495    1.5596    0.4596    0.3661    0.8702
    0.0001    0.0001         0    0.0001    0.0001         0


noc =

     6

Case-2
optLoad =

   1.0e+04 *

    0.2984    0.7495    1.4844    0.4596    0.4908    0.8702
    0.0001    0.0001         0    0.0001    0.0001         0


noc =

     6

Case-2
optLoad =

   1.0e+04 *

    0.2984    0.7495    1.4006    0.4596    0.6228    0.8702
    0.0001    0.0001         0    0.0001    0.0001         0


noc =

     6

Case-2
optLoad =

   1.0e+04 *

    0.2984    0.7495    1.3082    0.4596    0.7524    0.8702
    0.0001    0.0001         0    0.0001    0.0001         0


noc =

     6

Case-3
optLoad =

   1.0e+04 *

    0.5092    0.7495    1.1952    0.4596    0.7524    0.8702
    0.0001    0.0001         0    0.0001    0.0001         0


noc =

     6

Case-3
optLoad =

   1.0e+04 *

    0.5092    0.7495    1.1263    0.6841    0.7524    0.8702
    0.0001    0.0001         0    0.0001    0.0001         0


noc =

     6


cont =

     6


cost =

   4.6922e+04


lat =

    1.7195


controllers =

     5    50    34    19    18    24


loads =

   1.0e+04 *

    0.5092    0.7495    1.1263    0.6841    0.7524    0.8702
    0.0001    0.0001         0    0.0001    0.0001         0




optLoad =

   1.0e+04 *

  Columns 1 through 6

    0.9982    0.5234    0.3741    0.0540    1.1922    0.0827
         0    0.0001    0.0001    0.0001         0    0.0001

  Column 7

    0.4933
    0.0001

Case-1
optLoad =

   1.0e+04 *

  Columns 1 through 6

    0.7536    0.5234    0.3741    0.0540    1.1922    0.0827
    0.0001    0.0001    0.0001    0.0001         0    0.0001

  Column 7

    0.7688
    0.0001


noc =

     7

Case-1
optLoad =

   1.0e+04 *

  Columns 1 through 6

    0.7536    0.5234    0.3741    0.1955    1.1003    0.0827
    0.0001    0.0001    0.0001    0.0001         0    0.0001

  Column 7

    0.7688
    0.0001


noc =

     7

Case-1
optLoad =

   1.0e+04 *

  Columns 1 through 6

    0.7536    0.5234    0.3741    0.2738    1.0701    0.0827
    0.0001    0.0001    0.0001    0.0001         0    0.0001

  Column 7

    0.7688
    0.0001


noc =

     7

Case-1
optLoad =

   1.0e+03 *

  Columns 1 through 6

    7.5364    5.2338    3.7414    2.7380    8.9297    2.9288
    0.0010    0.0010    0.0010    0.0010         0    0.0010

  Column 7

    7.6882
    0.0010


noc =

     7

Case-1
optLoad =

   1.0e+03 *

  Columns 1 through 6

    7.5364    5.2338    3.7414    3.4779    8.6494    2.9288
    0.0010    0.0010    0.0010    0.0010         0    0.0010

  Column 7

    7.6882
    0.0010


noc =

     7

Case-1
optLoad =

   1.0e+03 *

  Columns 1 through 6

    7.5364    6.1293    3.7414    3.4779    8.1958    2.9288
    0.0010    0.0010    0.0010    0.0010         0    0.0010

  Column 7

    7.6882
    0.0010


noc =

     7

Case-1
optLoad =

   1.0e+03 *

  Columns 1 through 6

    7.5364    6.1293    3.7414    3.4779    7.0251    4.4165
    0.0010    0.0010    0.0010    0.0010    0.0010    0.0010

  Column 7

    7.6882
    0.0010


noc =

     7


cont =

     7


cost =

   4.0019e+04


lat =

    1.5516


controllers =

    30     4    46     8     7    28    14


loads =

   1.0e+03 *

  Columns 1 through 6

    7.5364    6.1293    3.7414    3.4779    7.0251    4.4165
    0.0010    0.0010    0.0010    0.0010    0.0010    0.0010

  Column 7

    7.6882
    0.0010




optLoad =

   1.0e+04 *

  Columns 1 through 6

    0.1453    1.0581    0.1044    0.1823    0.1805    0.3456
    0.0001         0    0.0001    0.0001    0.0001    0.0001

  Columns 7 through 8

    1.0623    0.6200
         0    0.0001

Case-1
optLoad =

   1.0e+04 *

  Columns 1 through 6

    0.1453    0.9603    0.1044    0.1823    0.1805    0.5166
    0.0001         0    0.0001    0.0001    0.0001    0.0001

  Columns 7 through 8

    1.0623    0.6200
         0    0.0001


noc =

     8

Case-1
optLoad =

   1.0e+04 *

  Columns 1 through 6

    0.1453    0.8255    0.1044    0.1823    0.1805    0.5166
    0.0001         0    0.0001    0.0001    0.0001    0.0001

  Columns 7 through 8

    1.0623    0.6200
         0    0.0001


noc =

     8

Case-2
optLoad =

   1.0e+04 *

  Columns 1 through 6

    0.1453    0.6906    0.1044    0.1823    0.1805    0.5166
    0.0001    0.0001    0.0001    0.0001    0.0001    0.0001

  Columns 7 through 8

    1.0623    0.6200
         0    0.0001


noc =

     8

Case-2
optLoad =

   1.0e+04 *

  Columns 1 through 6

    0.1453    0.7354    0.1044    0.1823    0.1805    0.5166
    0.0001    0.0001    0.0001    0.0001    0.0001    0.0001

  Columns 7 through 8

    1.0347    0.6200
         0    0.0001


noc =

     8

Case-3
optLoad =

   1.0e+03 *

  Columns 1 through 6

    1.4525    7.3543    3.6174    1.8229    1.8051    5.1656
    0.0010    0.0010    0.0010    0.0010    0.0010    0.0010

  Columns 7 through 8

    9.5783    6.1998
         0    0.0010


noc =

     8

Case-3
optLoad =

   1.0e+03 *

  Columns 1 through 6

    4.0451    7.3543    3.6174    1.8229    1.8051    5.1656
    0.0010    0.0010    0.0010    0.0010    0.0010    0.0010

  Columns 7 through 8

    8.9487    6.1998
         0    0.0010


noc =

     8

Case-3
optLoad =

   1.0e+03 *

  Columns 1 through 6

    4.0451    7.3543    3.6174    1.8229    3.5197    5.1656
    0.0010    0.0010    0.0010    0.0010    0.0010    0.0010

  Columns 7 through 8

    8.6196    6.1998
         0    0.0010


noc =

     8

Case-3
optLoad =

   1.0e+03 *

  Columns 1 through 6

    4.0451    7.3543    3.6174    3.1077    3.5197    5.1656
    0.0010    0.0010    0.0010    0.0010    0.0010    0.0010

