
cont =

     1


cost =

   7.4673e+04


lat =

    3.7864


controllers =

     9


loads =

   1.0e+04 *

    7.4672
         0




cont =

     2


cost =

   4.3526e+04


lat =

    2.3673


controllers =

    30     6


loads =

   1.0e+04 *

    1.3032    3.0493
         0         0




cont =

     3


cost =

   4.0538e+04


lat =

    2.1363


controllers =

    18    30     2


loads =

   1.0e+04 *

    0.8085    1.1448    2.1002
         0         0         0




cont =

     4


cost =

   3.3860e+04


lat =

    1.9831


controllers =

    12    18    10    25


loads =

   1.0e+04 *

    1.2604    0.3045    0.4053    1.4155
         0    0.0001    0.0001         0




optLoad =

   1.0e+04 *

    0.9706    0.8112    0.1282    1.0166    0.0918
         0         0    0.0001         0    0.0001

Case-1
optLoad =

   1.0e+04 *

    0.8590    0.8112    0.1282    1.0166    0.3680
         0         0    0.0001         0    0.0001


noc =

     5

Case-3
optLoad =

   1.0e+04 *

    0.8097    0.8112    0.3260    1.0166    0.3680
         0         0    0.0001         0    0.0001


noc =

     5

Case-3
optLoad =

   1.0e+04 *

    0.6375    0.8112    0.5803    1.0166    0.3680
    0.0001         0    0.0001         0    0.0001


noc =

     5

Case-1
optLoad =

   1.0e+04 *

    0.6375    0.7574    0.6802    1.0166    0.3680
    0.0001    0.0001    0.0001         0    0.0001


noc =

     5

Case-2
optLoad =

   1.0e+03 *

    7.3547    7.5739    6.8025    9.6794    3.6802
    0.0010    0.0010    0.0010         0    0.0010


noc =

     5

Case-3
optLoad =

   1.0e+03 *

    7.3547    7.5739    6.8025    9.3012    5.6107
    0.0010    0.0010    0.0010         0    0.0010


noc =

     5

Case-3
optLoad =

   1.0e+03 *

    7.3547    7.5739    6.8025    8.4640    8.2282
    0.0010    0.0010    0.0010         0    0.0010


noc =

     5

Case-3
optLoad =

   1.0e+04 *

    0.7355    0.7574    1.2041    0.6909    0.8228
    0.0001    0.0001    0.0001    0.0001    0.0001


noc =

     5


cont =

     5


cost =

   4.2111e+04


lat =

    2.3713


controllers =

     8    33    28    16    13


loads =

   1.0e+04 *

    0.7355    0.7574    1.2041    0.6909    0.8228
    0.0001    0.0001    0.0001    0.0001    0.0001




optLoad =

   1.0e+04 *

    1.1475    0.1419    0.4670    0.1651    0.0437    0.7961
         0    0.0001    0.0001    0.0001    0.0001         0

Case-1
optLoad =

   1.0e+04 *

    1.0980    0.1419    0.7438    0.1651    0.0437    0.7961
         0    0.0001    0.0001    0.0001    0.0001         0


noc =

     6

Case-2
optLoad =

   1.0e+03 *

    8.8618    1.4186    7.4384    1.6512    0.4371    7.9607
         0    0.0010    0.0010    0.0010    0.0010         0


noc =

     6

Case-3
optLoad =

   1.0e+03 *

    7.6737    1.4186    7.4384    1.6512    2.4366    7.9607
    0.0010    0.0010    0.0010    0.0010    0.0010         0


noc =

     6

Case-1
optLoad =

   1.0e+03 *

    7.6737    1.4186    7.4384    2.2430    2.4366    7.4277
    0.0010    0.0010    0.0010    0.0010    0.0010    0.0010


noc =

     6


cont =

     6


cost =

   2.8642e+04


lat =

    1.8011


controllers =

    21     5     8    25    13    29


loads =

   1.0e+03 *

    7.6737    1.4186    7.4384    2.2430    2.4366    7.4277
    0.0010    0.0010    0.0010    0.0010    0.0010    0.0010




optLoad =

   1.0e+03 *

  Columns 1 through 6

    7.9092    1.6686    7.4256    1.7246    4.9212    1.5248
         0    0.0010    0.0010    0.0010    0.0010    0.0010

  Column 7

         0
    0.0010

Case-2
optLoad =

   1.0e+03 *

  Columns 1 through 6

    6.8698    3.1662    7.4256    1.7246    4.9212    1.5248
    0.0010    0.0010    0.0010    0.0010    0.0010    0.0010

  Column 7

         0
    0.0010


noc =

     7


cont =

     7


cost =

   2.5637e+04


lat =

    1.5668


controllers =

     9    22    27    24    12    31    14


loads =

   1.0e+03 *

  Columns 1 through 6

    6.8698    3.1662    7.4256    1.7246    4.9212    1.5248
    0.0010    0.0010    0.0010    0.0010    0.0010    0.0010

  Column 7

         0
    0.0010




optVal =

   5.4317e+04


optLoc =

     7


optLoad =

   1.0e+04 *

    5.7567
         0


optLat =

    2.9521


optVal =

   3.8528e+04


optLoc =

    30    23


optLoad =

   1.0e+04 *

    1.9784    2.1692
         0         0


optLat =

    2.2831


optVal =

   2.7179e+04


optLoc =

     6    23    30


optLoad =

   1.0e+04 *

    0.8981    0.7348    1.2983
         0    0.0001         0


optLat =

    1.4694


optVal =

   2.3381e+04


optLoc =

     1     7    23    30


optLoad =

   1.0e+03 *

    4.3854    3.5170    9.6850    7.4977
    0.0010    0.0010         0    0.0010


optLat =

    1.2663


optVal =

   1.9548e+04


optLoc =

     4    20     7    24    29


optLoad =

   1.0e+03 *

    2.9483    3.4261    4.4752    3.0824    7.1688
    0.0010    0.0010    0.0010    0.0010    0.0010


optLat =

    1.3495


optVal =

   1.8108e+04


optLoc =

     3     6    20    23    30    12


optLoad =

   1.0e+03 *

    1.8676    0.9567    1.5384    4.9027    7.7757    2.6595
    0.0010    0.0010    0.0010    0.0010    0.0010    0.0010


optLat =

    1.0574


optVal =

   1.5098e+04


optLoc =

     3     7    33    22    17    20    29


optLoad =

   1.0e+03 *

  Columns 1 through 6

    1.8631    2.7610    1.8726    2.0120    1.1720    3.8782
    0.0010    0.0010    0.0010    0.0010    0.0010    0.0010

  Column 7

    2.5474
    0.0010


optLat =

    1.1035


cont =

     1


ans =

   8.6282e+04


ans =

    4.4522


rc =

    19


l =

   1.0e+04 *

    8.6282
         0




cont =

     2


ans =

   4.6516e+04


ans =

    2.3482


rc =

    11    21


l =

   1.0e+04 *

    2.4910    2.1605
         0         0




cont =

     3


ans =

   4.1303e+04


ans =

    2.0566


rc =

     7    13    21


l =

   1.0e+04 *

    1.7125    1.2654    1.1523
         0         0         0




cont =

     4


ans =

   3.4917e+04


ans =

    1.7754


rc =

     4     6    18    32


l =

   1.0e+04 *

    0.2061    1.5012    0.5467    1.2375
    0.0001         0    0.0001         0




cont =

     5


ans =

   4.1010e+04


ans =

    2.0621


rc =

    10    14    20    28    31


l =

   1.0e+04 *

         0    1.4156    2.3539         0    0.3312
    0.0001         0         0    0.0001    0.0001




cont =

     6


ans =

   3.1495e+04


ans =

    1.7313


rc =

     1    12    13    14    14    24


l =

   1.0e+04 *

    0.5808    0.4353         0    1.0006         0    1.1323
    0.0001    0.0001    0.0001         0    0.0001         0




cont =

     7


ans =

   2.8395e+04


ans =

    1.3949


rc =

     2     5     6     8    21    31    33


l =

   1.0e+04 *

  Columns 1 through 6

    0.5824    0.3536    0.0563         0    1.0422         0
    0.0001    0.0001    0.0001    0.0001         0    0.0001

