>> 
>> comparison_NEW2PSO

cont =

     1


cost =

   1.9013e+04


lat =

    0.8938


controllers =

    11


loads =

   1.0e+04 *

    1.2513
         0




cont =

     2


cost =

   2.4403e+04


lat =

    0.8540


controllers =

    25    17


loads =

   1.0e+04 *

    0.1135    1.0268
    0.0001         0




cont =

     3


cost =

   2.9141e+04


lat =

    0.7621


controllers =

    16     4    17


loads =

   1.0e+03 *

    0.5000    4.2151    4.9255
    0.0010    0.0010    0.0010




cont =

     4


cost =

   3.3584e+04


lat =

    0.6353


controllers =

    27     8    12    13


loads =

   1.0e+03 *

  Columns 1 through 3

    0.1840         0    3.9744
    0.0010    0.0010    0.0010

  Column 4

    3.4254
    0.0010




cont =

     5


cost =

   4.1484e+04


lat =

    0.8143


controllers =

    15    22     1     2    23


loads =

   1.0e+03 *

  Columns 1 through 3

    0.5000    2.1350    0.8240
    0.0010    0.0010    0.0010

  Columns 4 through 5

    0.3306    5.1947
    0.0010         0




cont =

     6


cost =

   4.5031e+04


lat =

    0.5314


controllers =

     2    22    11    13    27    17


loads =

   1.0e+03 *

  Columns 1 through 3

         0    0.1355    1.2167
    0.0010    0.0010    0.0010

  Columns 4 through 6

    1.1582    0.1840    3.3368
    0.0010    0.0010    0.0010




cont =

     7


cost =

   5.2579e+04


lat =

    0.5963


controllers =

  Columns 1 through 6

    23    13    14    11     3    26

  Column 7

    19


loads =

   1.0e+03 *

  Columns 1 through 3

    3.3733         0    1.2848
    0.0010    0.0010    0.0010

  Columns 4 through 6

    2.4207         0         0
    0.0010    0.0010    0.0010

  Column 7

         0
    0.0010




cont =

     8


cost =

   5.7343e+04


lat =

    0.6067


controllers =

  Columns 1 through 6

    26     1    15    13    21    17

  Columns 7 through 8

    14    23


loads =

   1.0e+03 *

  Columns 1 through 3

         0    0.3341         0
    0.0010    0.0010    0.0010

  Columns 4 through 6

    1.2100    0.1355    1.5431
    0.0010    0.0010    0.0010

  Columns 7 through 8

    1.2200    0.9002
    0.0010    0.0010




cont =

     9


cost =

   6.3624e+04


lat =

    0.6104


controllers =

  Columns 1 through 6

    10     5    19     4    18    16

  Columns 7 through 9

    13     2    14


loads =

   1.0e+03 *

  Columns 1 through 3

    0.9226    0.3341         0
    0.0010    0.0010    0.0010

  Columns 4 through 6

         0    0.7582    0.5000
    0.0010    0.0010    0.0010

  Columns 7 through 9

    0.8086         0    1.8008
    0.0010    0.0010    0.0010




cont =

    10


cost =

   7.0431e+04


lat =

    0.5464


controllers =

  Columns 1 through 6

    26    12     9    21    17    13

  Columns 7 through 10

    20     3    23    27


loads =

   1.0e+03 *

  Columns 1 through 3

         0    0.8381         0
    0.0010    0.0010    0.0010

  Columns 4 through 6

    0.1355    2.3385    1.9353
    0.0010    0.0010    0.0010

  Columns 7 through 9

         0         0         0
    0.0010    0.0010    0.0010

  Column 10

    0.1840
    0.0010




cont =

    11


cost =

   7.6165e+04


lat =

    0.5586


controllers =

  Columns 1 through 6

     2     9    18    23     3    26

  Columns 7 through 11

    25    27    28     1    16


loads =

   1.0e+03 *

  Columns 1 through 3

    0.3306         0    1.0877
    0.0010    0.0010    0.0010

  Columns 4 through 6

    1.1935         0         0
    0.0010    0.0010    0.0010

  Columns 7 through 9

         0         0    1.2193
    0.0010    0.0010    0.0010

  Columns 10 through 11

    0.3341    0.5000
    0.0010    0.0010




cont =

    12


cost =

   8.1897e+04


lat =

    0.5768


controllers =

  Columns 1 through 6

    20    19    12    25    15     7

  Columns 7 through 12

    13     1     5     6     8    11


loads =

   1.0e+03 *

  Columns 1 through 3

         0         0    1.7497
    0.0010    0.0010    0.0010

  Columns 4 through 6

         0         0         0
    0.0010    0.0010    0.0010

  Columns 7 through 9

    0.9343         0         0
    0.0010    0.0010    0.0010

  Columns 10 through 12

         0         0    1.2127
    0.0010    0.0010    0.0010




cont =

    13


cost =

   8.8601e+04


lat =

    0.5964


controllers =

  Columns 1 through 6

     8    20     2    27     3    17

  Columns 7 through 12

    26    19    24    14     1     5

  Column 13

     9


loads =

   1.0e+03 *

  Columns 1 through 3

    0.7948         0    0.3306
    0.0010    0.0010    0.0010

  Columns 4 through 6

         0         0    0.8928
    0.0010    0.0010    0.0010

  Columns 7 through 9

         0         0    1.2167
    0.0010    0.0010    0.0010

  Columns 10 through 12

    0.8658         0         0
    0.0010    0.0010    0.0010

  Column 13

         0
    0.0010




cont =

    14


cost =

   9.4509e+04


lat =

    0.5305


controllers =

  Columns 1 through 6

    26    17     1    23     9     7

  Columns 7 through 12

    21    11    20    22    10    14

  Columns 13 through 14

    12     5


loads =

   1.0e+03 *

  Columns 1 through 3

         0    0.6463         0
    0.0010    0.0010    0.0010

  Columns 4 through 6

         0         0         0
    0.0010    0.0010    0.0010

  Columns 7 through 9

         0    1.2231         0
    0.0010    0.0010    0.0010

  Columns 10 through 12

         0         0    0.4089
    0.0010    0.0010    0.0010

  Columns 13 through 14

    1.2312         0
    0.0010    0.0010




cont =

    15


cost =

   1.0034e+05


lat =

    0.6131


controllers =

  Columns 1 through 6

    28    16    10    21    24     4

  Columns 7 through 12

     7    19    18    15     5     2

  Columns 13 through 15

     6     1     3


loads =

  Columns 1 through 3

  973.9261         0  378.6518
    1.0000    1.0000    1.0000

  Columns 4 through 6

  135.4530  294.1512  565.0651
    1.0000    1.0000    1.0000

  Columns 7 through 9

         0         0  497.1128
    1.0000    1.0000    1.0000

  Columns 10 through 12

         0         0         0
    1.0000    1.0000    1.0000

  Columns 13 through 15

         0         0         0
    1.0000    1.0000    1.0000




randomIterations =

    27    79     6    98    27


mutProb =

     6

 done

mutProb =

    27

 done

mutProb =

    79

 done

mutProb =

    98

 done

randomIterations =

    75    25    94    51    95


mutProb =

    25

 done

mutProb =

    51

 done

mutProb =

    75

 done

mutProb =

    94

 done

mutProb =

    95

 done

randomIterations =

    74    48     3     3    68


mutProb =

     3

 done

mutProb =

    48

 done

mutProb =

    68

 done

mutProb =

    74

 done

randomIterations =

    75     8    94    98    44


mutProb =

     8

 done

mutProb =

    44

 done

mutProb =

    75

 done

mutProb =

    94

 done

mutProb =

    98

 done

randomIterations =

     4    26    54     8    32


mutProb =

     4

 done

mutProb =

     8

 done

mutProb =

    26

 done

mutProb =

    32

 done

mutProb =

    54

 done

randomIterations =

    87    27    96    62    45


cont =

     1


optVal =

   2.0918e+04


optLoc =

    17


mutProb =

    27

 done

mutProb =

    45

 done

mutProb =

    62

 done

mutProb =

    87

 done

mutProb =

    96

 done

randomIterations =

    64    56    58    59    12


mutProb =

    12

 done

mutProb =

    56

 done

mutProb =

    58

 done

mutProb =

    59

 done

mutProb =

    64

 done

randomIterations =

    31    46    84    62    29


mutProb =

    29

 done

mutProb =

    31

 done

mutProb =

    46

 done

mutProb =

    62

 done

mutProb =

    84

 done

randomIterations =

    83    47    51    72    88


mutProb =

    47

 done

mutProb =

    51

 done

mutProb =

    72

 done

mutProb =

    83

 done

mutProb =

    88

 done

randomIterations =

    76    73    85    24     5


